--- Part 3 output ---
array = 0 -8 -7 7 5 6 5 0 -3 -9 -1 10 -1 -7 3 -2 -6 -4
sorting array...
array = -9 -8 -7 -7 -6 -4 -3 -2 -1 -1 0 0 3 5 5 6 7 10

array = 6 -1 -5 -5 -1 -4 -9 5 6 8 7 -1 -3 7 -9 7 -8 -8 1 -6
sorting array...
array = -9 -9 -8 -8 -6 -5 -5 -4 -3 -1 -1 -1 1 5 6 6 7 7 7 8

array = 2 -3 0 2 3 7 3 -6 9 -4 -9 -2 -3 -1 3 -4
sorting array...
array = -9 -6 -4 -4 -3 -3 -2 -1 0 2 2 3 3 3 7 9

array = -5 8 -4 -8 9 1 6 -2 -3 -5 3 1 -6 5 2 9 -3 9 8
sorting array...
array = -8 -6 -5 -5 -4 -3 -3 -2 1 1 2 3 5 6 8 8 9 9 9
